# Created by Octave 3.8.2, Fri Apr 15 18:47:44 2016 BST <yy12135@salties>
# name: Bfull
# type: matrix
# rows: 4
# columns: 1
 1.459267921606617
 0.9995175355929179
 -0.04775542956425483
 -0.0002641502883969915


# name: Bsub
# type: matrix
# rows: 2
# columns: 1
 1.415052996076932
 0.9997854975851441


# name: CritVal
# type: scalar
3.466800111542416


# name: D
# type: matrix
# rows: 30
# columns: 4
 81.97 81.816 0.2593994140625 0.1053994140625036
 82.43299999999999 82.45400000000001 0.48828125 0.509281250000015
 82.46600000000001 82.45400000000001 0.732421875 0.7204218749999995
 82.4325 82.45400000000001 0.9613037109375 0.9828037109375032
 82.42400000000001 82.45400000000001 1.220703125 1.250703125000001
 82.765 82.45400000000001 1.678466796875 1.367466796875007
 83.2045 82.45400000000001 2.1514892578125 1.400989257812512
 85.77500000000001 83.63000000000001 3.5858154296875 1.440815429687504
 86.95699999999999 83.63000000000001 4.7607421875 1.433742187500016
 88.22199999999999 83.63000000000001 5.9661865234375 1.374186523437515
 89.31 83.63000000000001 7.14111328125 1.461113281250007
 90.535 83.63000000000001 8.331298828125 1.426298828125013
 91.74299999999999 83.63000000000001 9.5062255859375 1.393225585937515
 94.1125 83.63000000000001 11.871337890625 1.388837890625013
 96.54600000000001 83.63000000000001 14.2822265625 1.366226562500003
 98.86499999999999 83.63000000000001 16.66259765625 1.427597656250015
 101.314 83.63000000000001 19.0277099609375 1.343709960937517
 103.549 83.63000000000001 21.4080810546875 1.489081054687503
 106.606 84.16800000000001 23.7884521484375 1.350452148437512
 118.999 84.806 35.675048828125 1.482048828125002
 130.967 84.806 47.54638671875 1.385386718750013
 142.828 84.806 59.417724609375 1.395724609374994
 154.6615 84.806 71.319580078125 1.464080078125008
 179.3825 84.806 95.977783203125 1.401283203125004
 203.026 84.806 119.68994140625 1.469941406249987
 226.92 84.806 143.463134765625 1.349134765624981
 250.675 84.806 167.236328125 1.367328124999986
 274.4195 84.806 190.97900390625 1.365503906250026
 299.069 84.806 215.63720703125 1.374207031249981
 323.388 85.34400000000001 239.3798828125 1.335882812500031


# name: Dh
# type: matrix
# rows: 11
# columns: 4
 118.999 84.806 35.675048828125 1.482048828125002
 130.967 84.806 47.54638671875 1.385386718750013
 142.828 84.806 59.417724609375 1.395724609374994
 154.6615 84.806 71.319580078125 1.464080078125008
 179.3825 84.806 95.977783203125 1.401283203125004
 203.026 84.806 119.68994140625 1.469941406249987
 226.92 84.806 143.463134765625 1.349134765624981
 250.675 84.806 167.236328125 1.367328124999986
 274.4195 84.806 190.97900390625 1.365503906250026
 299.069 84.806 215.63720703125 1.374207031249981
 323.388 85.34400000000001 239.3798828125 1.335882812500031


# name: Dh2
# type: matrix
# rows: 11
# columns: 5
 118.999 84.806 35.675048828125 1.482048828125002 0
 130.967 84.806 47.54638671875 1.385386718750013 0
 142.828 84.806 59.417724609375 1.395724609374994 0
 154.6615 84.806 71.319580078125 1.464080078125008 0
 179.3825 84.806 95.977783203125 1.401283203125004 0
 203.026 84.806 119.68994140625 1.469941406249987 0
 226.92 84.806 143.463134765625 1.349134765624981 0
 250.675 84.806 167.236328125 1.367328124999986 0
 274.4195 84.806 190.97900390625 1.365503906250026 0
 299.069 84.806 215.63720703125 1.374207031249981 0
 323.388 85.34400000000001 239.3798828125 1.335882812500031 0


# name: Dl
# type: matrix
# rows: 5
# columns: 4
 81.97 81.816 0.2593994140625 0.1053994140625036
 82.43299999999999 82.45400000000001 0.48828125 0.509281250000015
 82.46600000000001 82.45400000000001 0.732421875 0.7204218749999995
 82.4325 82.45400000000001 0.9613037109375 0.9828037109375032
 82.42400000000001 82.45400000000001 1.220703125 1.250703125000001


# name: Dm
# type: matrix
# rows: 14
# columns: 4
 82.765 82.45400000000001 1.678466796875 1.367466796875007
 83.2045 82.45400000000001 2.1514892578125 1.400989257812512
 85.77500000000001 83.63000000000001 3.5858154296875 1.440815429687504
 86.95699999999999 83.63000000000001 4.7607421875 1.433742187500016
 88.22199999999999 83.63000000000001 5.9661865234375 1.374186523437515
 89.31 83.63000000000001 7.14111328125 1.461113281250007
 90.535 83.63000000000001 8.331298828125 1.426298828125013
 91.74299999999999 83.63000000000001 9.5062255859375 1.393225585937515
 94.1125 83.63000000000001 11.871337890625 1.388837890625013
 96.54600000000001 83.63000000000001 14.2822265625 1.366226562500003
 98.86499999999999 83.63000000000001 16.66259765625 1.427597656250015
 101.314 83.63000000000001 19.0277099609375 1.343709960937517
 103.549 83.63000000000001 21.4080810546875 1.489081054687503
 106.606 84.16800000000001 23.7884521484375 1.350452148437512


# name: Dm2
# type: matrix
# rows: 14
# columns: 5
 82.765 82.45400000000001 1.678466796875 1.367466796875007 1
 83.2045 82.45400000000001 2.1514892578125 1.400989257812512 1
 85.77500000000001 83.63000000000001 3.5858154296875 1.440815429687504 1
 86.95699999999999 83.63000000000001 4.7607421875 1.433742187500016 1
 88.22199999999999 83.63000000000001 5.9661865234375 1.374186523437515 1
 89.31 83.63000000000001 7.14111328125 1.461113281250007 1
 90.535 83.63000000000001 8.331298828125 1.426298828125013 1
 91.74299999999999 83.63000000000001 9.5062255859375 1.393225585937515 1
 94.1125 83.63000000000001 11.871337890625 1.388837890625013 1
 96.54600000000001 83.63000000000001 14.2822265625 1.366226562500003 1
 98.86499999999999 83.63000000000001 16.66259765625 1.427597656250015 1
 101.314 83.63000000000001 19.0277099609375 1.343709960937517 1
 103.549 83.63000000000001 21.4080810546875 1.489081054687503 1
 106.606 84.16800000000001 23.7884521484375 1.350452148437512 1


# name: Dmh
# type: matrix
# rows: 25
# columns: 5
 82.765 82.45400000000001 1.678466796875 1.367466796875007 1
 83.2045 82.45400000000001 2.1514892578125 1.400989257812512 1
 85.77500000000001 83.63000000000001 3.5858154296875 1.440815429687504 1
 86.95699999999999 83.63000000000001 4.7607421875 1.433742187500016 1
 88.22199999999999 83.63000000000001 5.9661865234375 1.374186523437515 1
 89.31 83.63000000000001 7.14111328125 1.461113281250007 1
 90.535 83.63000000000001 8.331298828125 1.426298828125013 1
 91.74299999999999 83.63000000000001 9.5062255859375 1.393225585937515 1
 94.1125 83.63000000000001 11.871337890625 1.388837890625013 1
 96.54600000000001 83.63000000000001 14.2822265625 1.366226562500003 1
 98.86499999999999 83.63000000000001 16.66259765625 1.427597656250015 1
 101.314 83.63000000000001 19.0277099609375 1.343709960937517 1
 103.549 83.63000000000001 21.4080810546875 1.489081054687503 1
 106.606 84.16800000000001 23.7884521484375 1.350452148437512 1
 118.999 84.806 35.675048828125 1.482048828125002 0
 130.967 84.806 47.54638671875 1.385386718750013 0
 142.828 84.806 59.417724609375 1.395724609374994 0
 154.6615 84.806 71.319580078125 1.464080078125008 0
 179.3825 84.806 95.977783203125 1.401283203125004 0
 203.026 84.806 119.68994140625 1.469941406249987 0
 226.92 84.806 143.463134765625 1.349134765624981 0
 250.675 84.806 167.236328125 1.367328124999986 0
 274.4195 84.806 190.97900390625 1.365503906250026 0
 299.069 84.806 215.63720703125 1.374207031249981 0
 323.388 85.34400000000001 239.3798828125 1.335882812500031 0


# name: E
# type: matrix
# rows: 5
# columns: 1
 0.1053994140625036
 0.509281250000015
 0.7204218749999995
 0.9828037109375032
 1.250703125000001


# name: ETA
# type: matrix
# rows: 11
# columns: 1
 34.193
 46.16100000000002
 58.02200000000001
 69.85549999999999
 94.5765
 118.22
 142.114
 165.869
 189.6135
 214.263
 238.044


# name: Fstat
# type: scalar
-1.683005265170873


