# Created by Octave 3.8.2, Thu Mar 31 18:09:17 2016 BST <yy12135@salties>
# name: ans
# type: scalar
23.41410088216335


# name: cc2538_sw_rnd100
# type: matrix
# rows: 100
# columns: 1
 1961
 1960
 1960
 1959
 1960
 1960
 1959
 1960
 1958
 1961
 1960
 1961
 1960
 1959
 1963
 1961
 1961
 1960
 1961
 1960
 1960
 1960
 1960
 1960
 1960
 1961
 1960
 1960
 1960
 1959
 1961
 1961
 1960
 1959
 1960
 1959
 1960
 1961
 1959
 1960
 1959
 1961
 1958
 1959
 1959
 1961
 1961
 1960
 1959
 1960
 1960
 1960
 1961
 1960
 1961
 1961
 1960
 1960
 1960
 1960
 1961
 1959
 1960
 1960
 1961
 1959
 1960
 1960
 1960
 1961
 1959
 1959
 1962
 1959
 1961
 1959
 1961
 1961
 1960
 1960
 1959
 1961
 1960
 1960
 1960
 1961
 1961
 1960
 1959
 1960
 1960
 1961
 1960
 1959
 1959
 1960
 1960
 1959
 1960
 1958


# name: cc2538_sw_rnd150
# type: matrix
# rows: 100
# columns: 1
 2940
 2941
 2940
 2939
 2939
 2939
 2940
 2942
 2941
 2941
 2938
 2939
 2941
 2940
 2942
 2940
 2939
 2938
 2938
 2940
 2938
 2940
 2941
 2941
 2942
 2939
 2941
 2939
 2939
 2940
 2939
 2938
 2941
 2941
 2941
 2943
 2938
 2940
 2942
 2942
 2940
 2942
 2940
 2940
 2939
 2942
 2940
 2940
 2942
 2938
 2942
 2940
 2941
 2940
 2940
 2940
 2941
 2941
 2942
 2940
 2939
 2940
 2939
 2941
 2940
 2940
 2939
 2941
 2940
 2940
 2941
 2940
 2940
 2940
 2938
 2940
 2939
 2941
 2942
 2940
 2940
 2941
 2941
 2940
 2943
 2940
 2942
 2941
 2940
 2942
 2939
 2940
 2939
 2939
 2941
 2942
 2940
 2939
 2941
 2940


# name: cc2538_sw_rnd200
# type: matrix
# rows: 100
# columns: 1
 3738
 3736
 3738
 3737
 3736
 3738
 3753
 3734
 3736
 3749
 3753
 3753
 3749
 3753
 3735
 3752
 3751
 3748
 3750
 3752
 3735
 3750
 3749
 3750
 3753
 3751
 3750
 3751
 3750
 3736
 3736
 3751
 3751
 3750
 3751
 3736
 3751
 3750
 3749
 3751
 3750
 3734
 3751
 3750
 3749
 3751
 3749
 3751
 3749
 3753
 3751
 3736
 3751
 3750
 3750
 3751
 3751
 3750
 3751
 3752
 3736
 3749
 3749
 3749
 3749
 3749
 3750
 3749
 3749
 3751
 3749
 3751
 3751
 3750
 3751
 3749
 3751
 3751
 3750
 3736
 3735
 3750
 3734
 3749
 3750
 3749
 3750
 3752
 3751
 3752
 3749
 3751
 3751
 3749
 3750
 3751
 3751
 3750
 3749
 3750


# name: cc2538_sw_rnd50
# type: matrix
# rows: 100
# columns: 1
 980
 980
 980
 980
 980
 980
 980
 980
 980
 980
 980
 980
 981
 981
 979
 980
 980
 980
 979
 981
 981
 980
 981
 980
 980
 981
 981
 979
 979
 980
 980
 980
 979
 981
 980
 980
 980
 979
 981
 980
 980
 980
 980
 981
 980
 980
 980
 979
 980
 980
 980
 979
 980
 981
 980
 980
 980
 981
 980
 980
 979
 980
 980
 980
 979
 980
 980
 980
 979
 979
 980
 980
 980
 979
 980
 980
 980
 979
 979
 980
 981
 980
 980
 980
 980
 980
 980
 979
 980
 980
 980
 981
 979
 980
 980
 980
 980
 979
 980
 980


# name: n
# type: matrix
# rows: 1
# columns: 4
 50 100 150 200


# name: t
# type: matrix
# rows: 1
# columns: 4
 979.96 1960.03 2940.22 3747.64


# name: telosb_hw_rnd100
# type: matrix
# rows: 100
# columns: 1
 1268
 1270
 1268
 1268
 1269
 1268
 1268
 1270
 1269
 1268
 1269
 1268
 1267
 1269
 1268
 1268
 1269
 1268
 1268
 1270
 1268
 1267
 1269
 1268
 1268
 1270
 1268
 1268
 1269
 1268
 1268
 1270
 1268
 1268
 1269
 1269
 1268
 1269
 1268
 1268
 1270
 1268
 1268
 1269
 1268
 1268
 1270
 1268
 1268
 1270
 1268
 1268
 1270
 1268
 1268
 1269
 1268
 1268
 1270
 1268
 1268
 1269
 1268
 1268
 1270
 1268
 1268
 1269
 1268
 1268
 1270
 1268
 1268
 1269
 1268
 1268
 1270
 1268
 1268
 1269
 1268
 1268
 1269
 1267
 1268
 1270
 1267
 1268
 1269
 1268
 1268
 1270
 1268
 1268
 1270
 1267
 1268
 1269
 1268
 1268


# name: telosb_hw_rnd150
# type: matrix
# rows: 100
# columns: 1
 1901
 1903
 1901
 1901
 1902
 1901
 1901
 1903
 1901
 1900
 1902
 1901
 1901
 1902
 1901
 1900
 1902
 1901
 1900
 1902
 1901
 1900
 1902
 1900
 1900
 1902
 1901
 1901
 1902
 1900
 1900
 1902
 1901
 1901
 1902
 1901
 1901
 1902
 1901
 1900
 1902
 1901
 1900
 1903
 1901
 1901
 1902
 1901
 1900
 1903
 1900
 1901
 1903
 1901
 1900
 1902
 1901
 1900
 1903
 1901
 1901
 1902
 1901
 1900
 1903
 1902
 1901
 1902
 1901
 1900
 1903
 1900
 1901
 1903
 1900
 1900
 1903
 1900
 1900
 1902
 1901
 1900
 1902
 1901
 1901
 1914
 1900
 1900
 1902
 1901
 1901
 1903
 1901
 1901
 1903
 1900
 1900
 1902
 1901
 1900


# name: telosb_hw_rnd200
# type: matrix
# rows: 100
# columns: 1
 2562
 2566
 2565
 2563
 2566
 2564
 2563
 2566
 2565
 2564
 2566
 2565
 2564
 2566
 2565
 2564
 2567
 2565
 2563
 2565
 2564
 2564
 2566
 2564
 2563
 2541
 2565
 2563
 2566
 2565
 2563
 2566
 2565
 2563
 2565
 2563
 2563
 2565
 2564
 2563
 2565
 2563
 2562
 2565
 2564
 2563
 2565
 2563
 2562
 2565
 2564
 2563
 2565
 2564
 2563
 2565
 2564
 2561
 2565
 2564
 2563
 2566
 2563
 2562
 2565
 2564
 2562
 2564
 2564
 2562
 2565
 2563
 2562
 2565
 2562
 2562
 2565
 2563
 2561
 2565
 2563
 2562
 2564
 2562
 2562
 2538
 2562
 2562
 2564
 2563
 2562
 2565
 2563
 2562
 2565
 2563
 2562
 2563
 2562
 2561


# name: telosb_hw_rnd50
# type: matrix
# rows: 100
# columns: 1
 633
 633
 633
 633
 633
 633
 633
 634
 633
 633
 633
 633
 633
 633
 633
 633
 634
 633
 632
 633
 633
 633
 634
 633
 633
 634
 633
 633
 634
 633
 633
 633
 633
 633
 633
 632
 633
 633
 633
 633
 633
 633
 633
 633
 633
 633
 634
 633
 633
 633
 633
 633
 634
 633
 633
 633
 633
 633
 634
 633
 633
 634
 633
 633
 634
 633
 632
 633
 633
 633
 633
 633
 633
 633
 632
 633
 633
 633
 633
 633
 633
 633
 633
 632
 633
 633
 632
 632
 633
 632
 633
 633
 633
 633
 633
 632
 633
 633
 633
 632


# name: telosb_sw_rnd100
# type: matrix
# rows: 100
# columns: 1
 9133
 9122
 9134
 9116
 9130
 9108
 9127
 9129
 9124
 9137
 9102
 9111
 9131
 9113
 9115
 9123
 9130
 9142
 9104
 9107
 9128
 9124
 9113
 9118
 9131
 9135
 9125
 9110
 9123
 9122
 9117
 9140
 9108
 9137
 9097
 9132
 9131
 9129
 9131
 9123
 9157
 9142
 9116
 9143
 9135
 9119
 9116
 9132
 9120
 9116
 9131
 9133
 9123
 9111
 9117
 9126
 9089
 9124
 9122
 9108
 9120
 9132
 9121
 9113
 9120
 9127
 9123
 9146
 9121
 9130
 9126
 9138
 9117
 9106
 9128
 9130
 9106
 9134
 9126
 9132
 9112
 9140
 9130
 9142
 9127
 9102
 9112
 9127
 9134
 9129
 9150
 9163
 9158
 9164
 9137
 9198
 9187
 9147
 9179
 9158


# name: telosb_sw_rnd150
# type: matrix
# rows: 100
# columns: 1
 13702
 13682
 13700
 13675
 13693
 13662
 13690
 13693
 13687
 13709
 13654
 13667
 13699
 13669
 13672
 13686
 13693
 13715
 13656
 13658
 13692
 13686
 13668
 13677
 13699
 13701
 13687
 13666
 13684
 13683
 13677
 13712
 13662
 13710
 13644
 13698
 13700
 13694
 13698
 13687
 13738
 13715
 13661
 13718
 13706
 13681
 13673
 13697
 13681
 13674
 13698
 13704
 13683
 13667
 13676
 13689
 13637
 13689
 13684
 13662
 13734
 13752
 13735
 13725
 13732
 13746
 13740
 13772
 13736
 13749
 13742
 13761
 13730
 13712
 13747
 13750
 13712
 13757
 13746
 13754
 13722
 13766
 13748
 13768
 13746
 13708
 13722
 13746
 13753
 13747
 13730
 13748
 13742
 13750
 13705
 13746
 13735
 13723
 13772
 13740


# name: telosb_sw_rnd200
# type: matrix
# rows: 100
# columns: 1
 18274
 18250
 18275
 18240
 18263
 18221
 18261
 18264
 18255
 18281
 18210
 18228
 18268
 18230
 18277
 18254
 18263
 18330
 18215
 18217
 18263
 18253
 18230
 18242
 18267
 18296
 18255
 18228
 18251
 18249
 18240
 18285
 18223
 18282
 18197
 18270
 18269
 18265
 18270
 18256
 18322
 18291
 18222
 18326
 18276
 18249
 18237
 18270
 18249
 18239
 18271
 18276
 18252
 18230
 18243
 18259
 18191
 18256
 18251
 18224
 18250
 18273
 18251
 18236
 18246
 18264
 18255
 18299
 18250
 18269
 18284
 18283
 18242
 18217
 18263
 18269
 18218
 18277
 18261
 18271
 18229
 18289
 18264
 18290
 18261
 18238
 18266
 18261
 18271
 18263
 18242
 18265
 18256
 18268
 18211
 18261
 18247
 18229
 18296
 18254


