# Created by Octave 4.0.0, Mon Apr 11 12:56:06 2016  <unknown@Saltiny>
# name: D
# type: matrix
# rows: 22
# columns: 4
 81.291 81.378 0.579833984375 0.6668339843750033
 81.26599999999999 81.378 1.1444091796875 1.256409179687509
 81.599 81.378 1.739501953125 1.518501953124996
 82.187 81.378 2.288818359375 1.479818359375003
 82.8215 81.378 2.86865234375 1.42515234375
 86.76599999999999 82.55400000000002 5.706787109375 1.494787109375025
 89.61 82.55400000000002 8.5601806640625 1.504180664062517
 92.446 82.55400000000002 11.41357421875 1.521574218750018
 95.31049999999999 82.55400000000002 14.251708984375 1.495208984375026
 98.154 82.55400000000002 17.120361328125 1.52036132812502
 100.9015 82.55400000000002 19.95849609375 1.610996093750018
 103.757 82.55400000000002 22.796630859375 1.593630859375011
 106.7015 82.55400000000002 25.665283203125 1.51778320312502
 109.484 82.55400000000002 28.50341796875 1.573417968750022
 139.0815 83.73 57.0068359375 1.655335937499999
 168.478 83.73 86.36474609375 1.616746093749995
 196.97 83.73 114.8681640625 1.628164062500005
 225.541 83.73 143.341064453125 1.530064453125007
 248.39 83.73 166.015625 1.355625000000018
 282.585 83.73 200.286865234375 1.431865234375024
 311.999 83.73 229.827880859375 1.55888085937498
 323.448 83.73 241.0888671875 1.370867187500025


# name: Dmh
# type: matrix
# rows: 20
# columns: 4
 81.599 81.378 1.739501953125 1.518501953124996
 82.187 81.378 2.288818359375 1.479818359375003
 82.8215 81.378 2.86865234375 1.42515234375
 86.76599999999999 82.55400000000002 5.706787109375 1.494787109375025
 89.61 82.55400000000002 8.5601806640625 1.504180664062517
 92.446 82.55400000000002 11.41357421875 1.521574218750018
 95.31049999999999 82.55400000000002 14.251708984375 1.495208984375026
 98.154 82.55400000000002 17.120361328125 1.52036132812502
 100.9015 82.55400000000002 19.95849609375 1.610996093750018
 103.757 82.55400000000002 22.796630859375 1.593630859375011
 106.7015 82.55400000000002 25.665283203125 1.51778320312502
 109.484 82.55400000000002 28.50341796875 1.573417968750022
 139.0815 83.73 57.0068359375 1.655335937499999
 168.478 83.73 86.36474609375 1.616746093749995
 196.97 83.73 114.8681640625 1.628164062500005
 225.541 83.73 143.341064453125 1.530064453125007
 248.39 83.73 166.015625 1.355625000000018
 282.585 83.73 200.286865234375 1.431865234375024
 311.999 83.73 229.827880859375 1.55888085937498
 323.448 83.73 241.0888671875 1.370867187500025


# name: E
# type: matrix
# rows: 22
# columns: 1
 0.6668339843750033
 1.256409179687509
 1.518501953124996
 1.479818359375003
 1.42515234375
 1.494787109375025
 1.504180664062517
 1.521574218750018
 1.495208984375026
 1.52036132812502
 1.610996093750018
 1.593630859375011
 1.51778320312502
 1.573417968750022
 1.655335937499999
 1.616746093749995
 1.628164062500005
 1.530064453125007
 1.355625000000018
 1.431865234375024
 1.55888085937498
 1.370867187500025


# name: ETA
# type: scalar
-0.0870000000000033


# name: TA
# type: matrix
# rows: 22
# columns: 1
 0.579833984375
 1.1444091796875
 1.739501953125
 2.288818359375
 2.86865234375
 5.706787109375
 8.5601806640625
 11.41357421875
 14.251708984375
 17.120361328125
 19.95849609375
 22.796630859375
 25.665283203125
 28.50341796875
 57.0068359375
 86.36474609375
 114.8681640625
 143.341064453125
 166.015625
 200.286865234375
 229.827880859375
 241.0888671875


# name: TP
# type: matrix
# rows: 22
# columns: 1
 81.378
 81.378
 81.378
 81.378
 81.378
 82.55400000000002
 82.55400000000002
 82.55400000000002
 82.55400000000002
 82.55400000000002
 82.55400000000002
 82.55400000000002
 82.55400000000002
 82.55400000000002
 83.73
 83.73
 83.73
 83.73
 83.73
 83.73
 83.73
 83.73


# name: TR
# type: matrix
# rows: 22
# columns: 1
 81.291
 81.26599999999999
 81.599
 82.187
 82.8215
 86.76599999999999
 89.61
 92.446
 95.31049999999999
 98.154
 100.9015
 103.757
 106.7015
 109.484
 139.0815
 168.478
 196.97
 225.541
 248.39
 282.585
 311.999
 323.448


# name: ans
# type: scalar
241.119384765625


# name: e
# type: scalar
1.355625000000018


# name: tA
# type: scalar
166.015625


# name: tP
# type: scalar
83.73


# name: tR
# type: scalar
248.39


# name: vl0_8ms
# type: matrix
# rows: 1
# columns: 46
 81.35899999999999 81.29600000000001 81.36499999999999 81.157 81.41 81.051 81.84699999999999 81.40900000000001 81.773 81.377 81.13500000000001 81.041 81.167 81.48 81.229 81.352 81.851 81.52200000000001 81.372 80.8 81.17 81.25700000000001 81.161 78.009 81.286 81.122 81.15000000000001 81.238 81.41500000000001 80.941 79.104 81.639 82.64700000000001 81.236 81.36199999999999 81.208 80.99299999999999 81.95 81.08 81.432 81.44499999999999 81.009 81.68300000000001 81.146 81.456 81.306


# name: vl114_9ms
# type: matrix
# rows: 1
# columns: 44
 80.262 80.202 80.414 197.064 196.862 196.872 196.99 197.062 197.283 197.139 197.092 197.111 196.98 197.187 196.851 196.877 197.17 196.939 196.89 196.909 196.804 196.766 197.06 196.836 196.887 196.853 196.804 197.134 196.975 197.238 196.949 197.329 197.104 197.003 197.059 196.991 196.924 196.912 196.855 196.943 196.965 197.067 196.981 197.099


# name: vl11_4ms
# type: matrix
# rows: 1
# columns: 50
 92.18600000000001 92.31 92.36199999999999 93.029 92.655 92.84 92.44499999999999 92.489 92.271 92.53100000000001 92.196 92.739 92.193 92.345 92.357 92.331 93.03 92.30200000000001 92.47499999999999 92.58499999999999 92.313 93.009 92.562 92.369 92.333 92.503 92.768 92.535 92.492 92.325 92.364 92.398 92.48999999999999 377.397 92.31100000000001 92.59 92.447 92.221 92.316 92.22199999999999 92.26600000000001 92.46299999999999 92.387 92.285 92.67400000000001 92.88800000000001 92.982 92.48 92.608 92.438


# name: vl143_3ms
# type: matrix
# rows: 1
# columns: 44
 225.675 225.392 225.722 225.576 225.358 225.388 225.977 225.513 225.487 226.032 225.4 225.394 225.878 225.479 225.309 225.442 225.675 225.291 225.366 225.579 225.667 225.308 225.313 225.552 225.602 225.575 225.474 225.496 225.598 225.298 225.421 225.536 225.583 225.821 225.71 225.546 225.446 225.745 225.989 225.665 225.636 225.796 225.197 225.35


# name: vl14_3ms
# type: matrix
# rows: 1
# columns: 54
 95.39 95.294 95.432 94.991 95.395 95.181 95.13800000000001 95.279 95.351 95.43600000000001 95.465 95.196 95.29000000000001 95.23399999999999 95.02500000000001 95.45399999999999 95.252 95.301 94.611 95.09 95.276 95.354 95.447 95.30500000000001 95.17 95.38500000000001 95.21299999999999 95.40900000000001 95.447 95.378 95.312 95.191 95.345 94.93300000000001 95.43300000000001 95.27200000000001 95.495 96.255 95.40300000000001 95.309 95.08499999999999 95.259 95.18300000000001 95.44199999999999 95.27800000000001 95.196 95.402 95.279 95.45999999999999 95.48399999999999 95.521 95.318 95.93899999999999 95.75


