# Created by Octave 3.8.2, Tue Mar 29 16:09:49 2016 BST <yy12135@salties>
# name: helloworld_1
# type: matrix
# rows: 1
# columns: 633
 166.193 59.393 238.712 247.847 159.842 124.253 124.306 120.379 200.309 249.677 128.601 156.668 227.177 214.566 252.233 116.113 251.239 123.533 249.762 243.155 190.064 254.12 128.485 168.951 247.195 45.824 250.838 214.437 126.503 143.79 127.976 143.998 159.808 145.655 128.385 48.367 130.54 194.56 121.257 127.603 132.763 246.32 247.721 144.475 197.609 254.273 154.696 170.571 126.034 243.985 155.169 156.208 236.927 246.705 253.438 110.928 51.6 97.943 248.096 244.099 120.326 120.141 246.354 192.34 127.423 128.034 151.47 38.454 176.683 132.901 164.108 224.412 136.3 52.116 130.949 162.693 148.935 236.906 246.725 246.953 142.44 252.851 181.771 213.33 143.014 129.126 136.567 128.011 65.851 250.211 250.974 237.417 247.012 75.60599999999999 126.996 246.865 126.96 211.375 122.576 155.213 18.212 203.609 122.888 130.62 128.616 131.906 250.344 133.953 252.349 242.215 135.325 166.825 232.099 248.28 249.222 131.983 249.868 251.882 188.502 165.725 126.609 167.666 51.255 129.589 157.445 204.59 144.193 128.567 123.164 102.973 135.942 248.347 132.012 204.047 243.758 53.873 244.514 248.077 253.08 102.652 249.31 245.564 77.496 237.442 124.013 127.858 248.203 249.966 129.222 164.639 251.434 244.062 244.865 64.83499999999999 232.574 226.368 17.159 243.912 126.664 198.002 202.931 246.835 51.828 217.527 235.238 182.935 214.18 254.78 15.268 141.17 238.689 54.162 249.039 242.838 33.988 210.683 244.421 238.966 225.791 211.55 245.951 248.579 91.95999999999999 124.032 252.209 59.258 127.275 142.876 94.09099999999999 479.709 245.431 26.943 246.773 130.859 216.437 248.965 58.227 169.226 65.672 117.119 127.401 127.688 179.415 134.949 17.712 248.442 128.871 125.092 251.579 253.805 253.846 125.748 214.922 73.393 183.044 253.396 129.063 230.784 128.733 192.818 119.251 131.561 125.064 33.921 195.785 35.078 255.097 152.305 255.207 32.445 166.602 247.862 249.665 178.25 142.48 251.889 72.92700000000001 237.146 247.064 84.605 128.077 154.552 139.889 165.182 158.307 252.963 120.061 144.343 115.111 247.9 127.727 76.947 147.798 122.759 197.957 126.034 251.09 245.666 255.289 239.939 249.597 173.632 245.219 168.546 221.239 50.25 209.991 128.813 242.267 213.667 127.999 152.204 160.769 248.223 246.997 241.921 95.184 223.722 248.873 210.551 149.607 64.054 249.118 51.406 55.606 191.461 241.435 250.912 251.513 133.946 173.465 87.67 73.575 241.925 129.461 196.415 160.037 254.09 127.172 129.186 200.903 249.128 156.006 251.579 245.198 246.435 161.612 250.696 243.622 182.118 241.853 249.271 20.931 136.944 30.266 152.118 191.623 246.703 247.845 95.633 128.854 74.133 226.351 209.414 224.277 69.36 210.361 230.112 54.85 158.948 134.306 142.203 197.391 245.601 50.59 254.178 153.995 256.641 256.48 172.118 210.518 243.25 243.921 185.03 129.155 199.71 123.678 187.907 188.73 136.14 190.962 191.317 161.36 240.768 191.457 248.711 242.03 242.624 243.557 252.059 245.228 255.304 127.575 86.024 128.504 244.875 245.321 128.313 213.938 127.933 127.713 200.577 112.982 128.891 253.036 127.534 135.529 134.219 99.104 249.13 250.691 133.059 243.944 79.94799999999999 63.453 68.77500000000001 115.406 127.641 127.347 50.534 135.683 159.554 136.791 133.877 144.603 128.978 129.989 137.83 133.928 196.244 204.184 127.963 230.976 126.255 138.088 248.88 134.57 197.326 181.52 127.405 182.539 167.191 20.386 128.116 126.935 129.033 215.107 255.263 178.992 47.077 22.774 111.002 242.451 239.924 251.36 130.435 128.722 156.652 245.8 53.55 248 128.38 256.145 155.072 129.36 174.153 213.313 244.972 186.347 242.186 250.706 250.864 243.901 244.951 191.581 249.208 243.13 251.349 245.628 162.279 144.646 144.918 247.224 248.103 163.614 130.044 214.106 128.879 246.314 145.421 169.538 112.501 234.494 172.371 243.129 18.28 182.698 238.844 124.584 185.57 150.279 130.286 252.48 206.364 129.277 128.997 127.474 179.2 127.457 199.96 163.368 128.237 202.197 48.51 249.316 126.851 86.946 176.783 204.887 253.307 120.813 84.285 183.97 122.808 145.884 47.392 213.305 253.493 160.728 232.016 244.41 250.933 136.944 251.636 65.95099999999999 410.049 78.071 191.464 133.016 249.979 46.993 252.03 244.495 129.976 253.123 171.603 184.938 75.84 209.74 93.852 150.301 198.481 64.105 237.091 128.755 109.214 250.647 125.99 152.412 127.006 248.639 217.791 153.318 128.603 173.144 251.569 157.518 171.006 131.791 252.954 110.547 167.589 176.338 248.231 123.876 248.754 130.116 211.179 157.102 150.613 244.951 159.771 246.795 81.83499999999999 186.073 248.918 244.005 188.005 204.101 127.974 143.852 202.621 155.865 254.496 112.715 244.164 116.485 167.681 230.78 168.73 123.627 254.291 128.896 238.703 154.271 127.779 149.382 252.455 127.398 186.258 183.923 224.098 248.657 70.08799999999999 129.435 205.253 165.883 128.477 199.574 22.209 449.881 126.899 201.04 45.932 202.837 148.071 158.042 252.335 127.649 127.739 174.844 199.151 16.553 131.67 222.709 59.495 169.968 162.222 71.986 161.319 124.807 162.059 144.314 255.08 128.944 249.663 250.42 174.248 234.081 253.46 191.658 222.913 37.184 240.037 128.767 165.494 244.788 254.086 184.845 248.75 170.959 180.309 220.024


