# Created by Octave 3.8.2, Thu Mar 24 13:12:54 2016 GMT <yy12135@salties>
# name: pingresponse_cc2538_swaes
# type: matrix
# rows: 1
# columns: 92
 24.462 24.507 28.502 28.443 24.296 253.57 24.569 24.528 24.453 24.57 24.549 24.593 254.068 24.586 24.439 28.475 24.567 24.486 378.912 25.007 24.554 24.733 24.57 162.863 251.272 24.533 24.513 24.999 24.528 24.378 24.545 24.457 24.484 24.561 24.522 24.539 24.57 24.534 24.884 29.005 137.424 28.673 24.658 24.46 24.484 24.469 252.408 24.377 28.735 24.565 24.553 28.456 25.028 24.574 24.493 24.49 24.468 24.463 24.439 24.341 24.703 253.138 24.9 24.437 24.632 24.527 24.775 24.709 24.629 24.546 24.501 252.925 24.384 24.482 24.483 24.494 24.997 24.39 24.621 252.609 24.647 24.464 24.513 24.547 24.457 24.48 25.055 24.429 24.925 24.402 24.57 24.443


# name: pingresponse_telosb_hwaes
# type: matrix
# rows: 1
# columns: 100
 30.742 30.281 30.939 30.892 30.832 30.735 30.875 30.924 172.336 30.792 30.821 30.977 30.873 30.979 30.957 30.852 30.967 30.71 30.403 30.882 29.867 30.446 30.246 30.711 30.201 30.263 30.335 30.375 30.398 29.874 30.151 158.65 31.231 30.318 31.037 30.76 30.273 30.886 30.806 30.878 30.987 31.023 31.009 30.402 31.037 30.29 30.734 31.007 30.44 30.597 30.276 30.637 30.222 30.515 30.399 30.4 30.143 30.147 30.389 30.894 31.102 30.926 31.038 30.859 30.911 30.817 30.97 253.483 31.188 30.36 30.501 194.674 30.239 30.762 30.787 30.743 30.882 30.869 30.932 30.057 30.822 30.995 30.422 30.476 30.189 30.011 30.204 30.298 30.026 31.111 30.494 30.835 30.175 30.369 30.87 30.817 30.8 30.529 30.764 30.755


# name: pingresponse_telosb_swaes
# type: matrix
# rows: 1
# columns: 98
 87.63200000000001 87.53100000000001 87.336 87.667 87.413 87.148 87.07599999999999 87.14700000000001 86.988 87.75700000000001 87.929 87.845 87.496 87.59399999999999 87.10599999999999 87.599 518.165 87.78700000000001 87.301 87.252 86.959 87.157 87.131 87.61499999999999 87.34999999999999 86.63200000000001 242.135 87.251 87.004 87.43000000000001 87.71299999999999 87.10599999999999 87.223 87.23099999999999 86.991 87.129 87.188 86.63800000000001 86.97199999999999 87.565 87.584 87.821 87.61 87.72 305.903 86.739 87.02800000000001 87.70999999999999 408.061 221.29 87.473 260.292 87.661 87.81 87.017 87.389 87.379 26.867 86.56 87.19799999999999 87.084 86.71899999999999 86.672 87.193 86.559 86.77 87.398 86.754 87.468 87.04000000000001 241.64 86.617 87.33199999999999 86.955 87.43899999999999 312.538 87.30200000000001 87.476 87.289 87.496 87.48 87.502 87.58199999999999 87.087 87.59399999999999 87.43300000000001 87.815 87.128 87.27800000000001 87.724 87.80200000000001 87.821 87.658 87.575 87.625 87.67700000000001 87.255 87.486


