# Created by Octave 3.8.2, Tue Apr 26 11:16:21 2016 BST <yy12135@salties>
# name: ans
# type: matrix
# rows: 2580
# columns: 3
 285750 80 0
 290173 80 3
 286831 82 8
 288903 82 0
 288504 84 0
 288430 88 2
 294799 90 9
 294928 92 3
 296774 92 5
 296965 92 0
 297336 94 4
 297775 94 4
 298434 94 1
 298676 94 1
 291231 96 0
 295186 96 6
 300787 96 6
 298827 98 1
 300712 98 0
 300913 98 0
 302013 98 2
 302207 98 9
 302017 100 2
 302646 100 0
 303323 100 1
 304508 100 0
 297423 102 0
 304630 102 0
 307561 102 1
 304650 104 0
 304976 104 5
 305477 104 4
 305865 104 2
 305891 104 0
 306322 104 0
 306980 104 0
 307097 104 0
 307611 104 1
 300835 106 0
 304111 106 0
 305087 106 0
 305833 106 6
 306389 106 0
 307077 106 0
 307286 106 0
 307390 106 2
 307645 106 1
 307894 106 11
 308174 106 0
 308628 106 0
 308648 106 1
 311024 106 5
 305749 108 0
 306177 108 1
 306564 108 0
 306603 108 1
 306612 108 1
 306955 108 1
 307301 108 2
 307372 108 9
 307686 108 4
 308298 108 1
 308776 108 5
 308996 108 1
 309218 108 1
 309401 108 1
 309454 108 0
 309519 108 0
 309562 108 0
 309746 108 2
 310022 108 1
 310569 108 1
 310589 108 0
 310661 108 2
 310705 108 0
 311349 108 1
 311730 108 0
 312310 108 0
 306979 110 0
 308130 110 0
 308312 110 1
 308559 110 0
 308914 110 0
 309350 110 2
 309581 110 1
 309860 110 0
 310059 110 1
 310424 110 0
 310459 110 1
 310543 110 1
 310875 110 0
 310946 110 1
 310949 110 4
 311268 110 1
 311351 110 1
 311368 110 0
 312046 110 0
 312432 110 1
 312512 110 0
 312891 110 1
 313065 110 0
 313692 110 0
 313786 110 0
 308489 112 1
 308748 112 0
 309199 112 0
 309729 112 0
 309792 112 0
 309912 112 1
 309948 112 1
 309960 112 1
 310977 112 2
 311396 112 1
 311434 112 0
 311624 112 1
 311854 112 0
 311974 112 3
 312002 112 6
 312042 112 3
 312189 112 0
 312189 112 1
 312222 112 1
 312311 112 1
 312463 112 2
 312490 112 0
 312605 112 0
 312699 112 0
 312876 112 2
 312979 112 0
 313048 112 0
 313077 112 2
 313135 112 3
 313139 112 4
 313360 112 8
 313409 112 1
 313575 112 0
 313812 112 1
 313976 112 0
 314052 112 2
 314060 112 2
 314116 112 0
 315475 112 1
 310443 114 0
 310705 114 2
 310739 114 2
 311336 114 0
 311354 114 1
 311468 114 1
 311693 114 3
 311774 114 1
 312095 114 2
 312103 114 0
 312132 114 0
 312150 114 1
 312180 114 0
 312353 114 0
 312581 114 0
 312599 114 2
 312723 114 0
 312793 114 0
 312853 114 2
 312856 114 0
 312912 114 4
 312964 114 1
 312993 114 0
 313015 114 0
 313050 114 0
 313199 114 0
 313239 114 2
 313261 114 0
 313280 114 2
 313361 114 0
 313418 114 1
 313461 114 0
 313491 114 1
 313502 114 5
 313523 114 1
 313524 114 0
 313536 114 1
 313572 114 0
 313676 114 2
 313768 114 1
 313838 114 4
 313856 114 1
 313859 114 2
 313921 114 2
 313921 114 0
 313959 114 0
 314036 114 1
 314112 114 0
 314340 114 0
 314596 114 0
 314612 114 4
 314629 114 0
 314664 114 1
 314856 114 0
 314976 114 0
 315140 114 1
 315243 114 0
 315259 114 0
 315296 114 1
 315451 114 0
 315504 114 1
 315514 114 3
 315536 114 1
 315749 114 2
 315880 114 5
 316225 114 0
 316840 114 1
 316895 114 0
 310408 116 6
 311095 116 1
 311388 116 0
 311490 116 1
 311843 116 1
 312421 116 4
 312454 116 0
 312496 116 2
 312604 116 1
 312648 116 5
 312692 116 3
 313047 116 0
 313193 116 0
 313268 116 6
 313491 116 0
 313583 116 1
 313608 116 0
 313862 116 0
 313900 116 0
 313909 116 0
 313910 116 0
 314027 116 1
 314072 116 0
 314162 116 1
 314186 116 0
 314308 116 1
 314375 116 2
 314519 116 2
 314552 116 0
 314628 116 0
 314700 116 0
 314798 116 0
 314798 116 0
 314805 116 1
 314806 116 0
 315024 116 0
 315146 116 0
 315162 116 3
 315180 116 6
 315200 116 0
 315220 116 0
 315259 116 0
 315260 116 0
 315396 116 2
 315399 116 5
 315405 116 0
 315454 116 1
 315503 116 0
 315554 116 0
 315559 116 6
 315616 116 0
 315629 116 1
 315669 116 4
 315673 116 0
 315708 116 1
 315815 116 3
 315828 116 0
 315842 116 0
 315937 116 0
 315998 116 0
 316035 116 0
 316040 116 0
 316049 116 3
 316105 116 0
 316201 116 3
 316413 116 0
 316460 116 0
 316850 116 2
 316908 116 2
 317590 116 0
 317638 116 1
 318440 116 4
 318510 116 0
 318747 116 1
 311497 118 0
 312823 118 2
 313028 118 0
 313407 118 2
 313421 118 0
 313443 118 0
 314015 118 1
 314063 118 1
 314240 118 1
 314378 118 0
 314771 118 0
 314781 118 1
 314794 118 2
 314938 118 0
 314993 118 1
 315013 118 1
 315128 118 0
 315457 118 1
 315519 118 4
 315711 118 1
 315744 118 0
 315851 118 0
 315937 118 4
 316021 118 2
 316047 118 3
 316132 118 3
 316134 118 2
 316152 118 0
 316249 118 2
 316276 118 4
 316295 118 0
 316391 118 2
 316419 118 0
 316453 118 0
 316454 118 1
 316477 118 0
 316543 118 2
 316576 118 3
 316612 118 1
 316651 118 2
 316651 118 0
 316745 118 2
 316806 118 0
 316916 118 3
 316939 118 0
 317033 118 1
 317082 118 1
 317135 118 0
 317142 118 0
 317192 118 1
 317239 118 3
 317265 118 0
 317267 118 0
 317275 118 0
 317299 118 0
 317355 118 0
 317398 118 0
 317440 118 1
 317476 118 1
 317480 118 1
 317482 118 0
 317523 118 0
 317534 118 3
 317573 118 3
 317623 118 0
 317735 118 1
 317771 118 0
 317790 118 7
 317962 118 1
 318329 118 1
 318355 118 1
 318410 118 0
 318426 118 1
 319157 118 2
 319219 118 9
 319458 118 4
 319465 118 1
 319566 118 0
 319598 118 6
 319743 118 0
 319774 118 1
 312584 120 0
 313433 120 1
 313548 120 1
 313803 120 0
 314917 120 0
 315373 120 0
 315612 120 3
 315815 120 0
 315943 120 0
 315959 120 0
 316071 120 0
 316562 120 0
 316575 120 1
 316643 120 5
 316847 120 1
 316872 120 0
 316984 120 0
 317096 120 0
 317106 120 0
 317202 120 2
 317211 120 3
 317268 120 0
 317277 120 0
 317326 120 0
 317474 120 0
 317522 120 3
 317529 120 0
 317595 120 0
 317616 120 5
 317744 120 2
 317773 120 1
 317816 120 0
 317850 120 1
 317931 120 0
 318003 120 0
 318034 120 1
 318035 120 0
 318049 120 0
 318068 120 4
 318091 120 1
 318094 120 0
 318105 120 0
 318129 120 0
 318152 120 2
 318172 120 1
 318214 120 4
 318233 120 5
 318240 120 0
 318287 120 0
 318292 120 0
 318313 120 0
 318344 120 2
 318454 120 0
 318489 120 0
 318490 120 0
 318513 120 1
 318544 120 1
 318545 120 1
 318575 120 2
 318596 120 0
 318680 120 1
 318750 120 1
 318811 120 0
 318833 120 0
 318888 120 1
 318953 120 3
 318994 120 0
 319071 120 4
 319122 120 1
 319216 120 2
 319278 120 6
 319295 120 0
 319299 120 1
 319333 120 0
 319338 120 5
 319356 120 0
 319360 120 0
 319403 120 6
 319413 120 4
 319456 120 1
 319516 120 3
 319525 120 0
 319627 120 4
 319802 120 4
 319887 120 0
 319898 120 0
 319938 120 0
 320046 120 0
 320091 120 0
 320124 120 1
 320126 120 2
 320181 120 0
 320224 120 0
 320232 120 1
 320290 120 0
 320387 120 0
 320534 120 1
 320767 120 0
 320786 120 3
 320818 120 1
 321059 120 0
 321127 120 0
 321279 120 2
 321508 120 0
 321566 120 0
 321587 120 0
 321614 120 3
 321752 120 1
 321856 120 0
 322178 120 1
 314256 122 2
 314453 122 1
 314775 122 3
 316095 122 2
 316103 122 0
 316146 122 0
 316147 122 3
 316746 122 4
 316850 122 0
 317022 122 2
 317065 122 0
 317212 122 1
 317286 122 3
 317409 122 0
 317413 122 0
 317663 122 0
 317683 122 1
 317776 122 0
 317986 122 0
 318019 122 3
 318044 122 0
 318106 122 1
 318120 122 1
 318194 122 2
 318196 122 1
 318204 122 2
 318258 122 2
 318277 122 0
 318280 122 0
 318326 122 0
 318374 122 0
 318453 122 1
 318513 122 0
 318558 122 2
 318561 122 0
 318583 122 1
 318625 122 1
 318675 122 0
 318680 122 2
 318705 122 3
 318732 122 0
 318736 122 2
 318743 122 0
 318811 122 1
 318845 122 0
 318888 122 0
 318998 122 1
 318999 122 1
 319023 122 2
 319035 122 0
 319055 122 3
 319114 122 0
 319118 122 1
 319132 122 0
 319137 122 2
 319152 122 2
 319209 122 1
 319248 122 0
 319258 122 0
 319268 122 2
 319283 122 1
 319318 122 2
 319339 122 1
 319346 122 0
 319355 122 1
 319361 122 3
 319381 122 1
 319397 122 1
 319419 122 0
 319426 122 3
 319433 122 0
 319440 122 0
 319494 122 3
 319495 122 0
 319517 122 1
 319541 122 1
 319573 122 1
 319591 122 0
 319599 122 1
 319629 122 2
 319653 122 0
 319653 122 0
 319733 122 1
 319751 122 2
 319772 122 0
 319790 122 1
 319803 122 2
 319842 122 0
