# Created by Octave 3.8.2, Fri Apr 08 09:29:00 2016 BST <yy12135@salties>
# name: D
# type: matrix
# rows: 18
# columns: 4
 83.026 83.92999999999999 0.579833984375 -1.483833984374996
 83.01300000000001 83.92999999999999 1.15966796875 -2.076667968749987
 83.387 83.92999999999999 1.708984375 -2.251984374999992
 83.96599999999999 83.92999999999999 2.288818359375 -2.252818359374999
 84.554 83.92999999999999 2.86865234375 -2.244652343749991
 87.99250000000001 84.468 5.706787109375 -2.182287109374997
 89.169 84.468 6.8359375 -2.134937500000007
 90.30500000000001 84.468 7.99560546875 -2.158605468749997
 99.39449999999999 84.468 17.120361328125 -2.19386132812501
 110.778 84.468 28.50341796875 -2.193417968749998
 122.2205 84.468 39.9169921875 -2.164492187500002
 139.908 85.006 57.0068359375 -2.104835937500013
 157.148 85.006 74.0966796875 -1.954679687500004
 186.547 85.006 103.45458984375 -1.913589843750003
 215.013 85.006 131.988525390625 -1.981525390624995
 255.126 85.006 171.905517578125 -1.785517578124995
 312.778 85.006 229.705810546875 -1.93381054687498
 341.328 85.006 258.1787109375 -1.856710937499997


# name: E
# type: matrix
# rows: 18
# columns: 1
 -1.483833984374996
 -2.076667968749987
 -2.251984374999992
 -2.252818359374999
 -2.244652343749991
 -2.182287109374997
 -2.134937500000007
 -2.158605468749997
 -2.19386132812501
 -2.193417968749998
 -2.164492187500002
 -2.104835937500013
 -1.954679687500004
 -1.913589843750003
 -1.981525390624995
 -1.785517578124995
 -1.93381054687498
 -1.856710937499997


# name: TA
# type: matrix
# rows: 18
# columns: 1
 0.579833984375
 1.15966796875
 1.708984375
 2.288818359375
 2.86865234375
 5.706787109375
 6.8359375
 7.99560546875
 17.120361328125
 28.50341796875
 39.9169921875
 57.0068359375
 74.0966796875
 103.45458984375
 131.988525390625
 171.905517578125
 229.705810546875
 258.1787109375


# name: TP
# type: matrix
# rows: 18
# columns: 1
 83.92999999999999
 83.92999999999999
 83.92999999999999
 83.92999999999999
 83.92999999999999
 84.468
 84.468
 84.468
 84.468
 84.468
 84.468
 85.006
 85.006
 85.006
 85.006
 85.006
 85.006
 85.006


# name: TR
# type: matrix
# rows: 18
# columns: 1
 83.026
 83.01300000000001
 83.387
 83.96599999999999
 84.554
 87.99250000000001
 89.169
 90.30500000000001
 99.39449999999999
 110.778
 122.2205
 139.908
 157.148
 186.547
 215.013
 255.126
 312.778
 341.328


# name: ans
# type: scalar
103.45458984375


# name: dtlsapptimeaes0_58ms
# type: matrix
# rows: 1
# columns: 405
 82.998 83.128 82.977 82.98 83.68600000000001 82.58799999999999 83.398 83.376 82.539 82.926 82.901 83.11199999999999 82.965 83.009 82.715 83.261 82.982 82.765 82.95699999999999 82.547 83.033 83.55500000000001 83.047 82.884 83.248 83.166 82.96899999999999 83.029 83.05 83.285 82.895 83.205 83.07599999999999 82.69499999999999 83.11199999999999 83.178 83.044 83.11199999999999 82.783 83.313 82.809 82.952 82.617 83.255 82.994 83.246 83.096 82.84 83.16 83.014 83.20999999999999 82.958 82.792 83.343 83.026 83.08499999999999 83.184 83.46599999999999 83.143 83.191 83.056 83.813 83.05 83.10299999999999 82.88200000000001 83.117 82.989 81.244 82.991 82.922 83.128 83.03 83.10899999999999 83.21599999999999 83.00700000000001 83.23 83.18600000000001 82.913 83.64 83.059 83.005 83.17700000000001 82.968 83.047 82.896 83.05500000000001 83.14400000000001 83.199 83.069 83.09399999999999 82.64700000000001 83.464 83.09099999999999 83.129 83.06999999999999 83.256 82.86499999999999 83.38500000000001 83.117 83.005 83.30800000000001 83.214 82.813 81.876 83.18899999999999 83.08 83.036 83.116 83.048 83.065 82.97799999999999 82.86199999999999 83.092 83.116 82.867 83.02800000000001 82.938 82.913 83.044 83.057 82.979 82.901 83.298 82.97499999999999 82.901 82.982 83.233 83.69499999999999 83.178 83.239 83.27200000000001 83.158 83.128 82.973 83.14100000000001 83.271 83.11199999999999 83.252 83.18600000000001 82.78700000000001 83.31100000000001 83.06100000000001 82.721 82.913 82.602 83.004 83.078 82.833 83.086 83.193 82.833 83.182 83.214 82.742 83.15300000000001 83.164 82.983 82.919 83.461 82.819 83.51600000000001 82.752 82.91200000000001 83.02 82.889 82.95699999999999 82.754 82.973 82.863 83.13800000000001 82.917 82.988 81.34999999999999 82.80200000000001 82.961 83.033 82.95999999999999 82.959 83.127 82.946 83.009 83.20399999999999 82.81699999999999 83.03 82.98699999999999 83.88200000000001 82.943 83.084 82.953 82.962 82.85599999999999 82.703 83.071 82.682 83.276 83.03100000000001 83.095 83.017 82.636 82.75700000000001 83.05200000000001 83.00700000000001 83.158 83.039 83.06699999999999 82.845 82.94199999999999 83.029 82.98399999999999 83.005 83.044 82.839 82.932 82.98999999999999 83.173 82.982 82.941 82.848 83.19 82.745 83.152 83.259 81.807 82.944 83.042 82.95 83.001 83.098 82.831 82.68000000000001 83.00700000000001 82.919 83.06999999999999 83.11499999999999 82.846 83.044 83.042 82.96299999999999 83.318 83.208 83.02500000000001 82.92 82.76300000000001 83.417 82.776 83.04900000000001 83.072 83.04600000000001 82.977 83.617 83.035 83.17 82.679 83.059 83.116 83.324 83.23 83.188 83.092 82.693 83.148 82.845 82.64 82.923 83.187 83.09099999999999 83.185 83.02 83.267 82.491 82.95399999999999 83.074 82.58199999999999 83.003 83.185 82.58799999999999 82.706 82.97199999999999 83.34 82.872 83.093 83.024 83.084 83.009 83.351 83.209 83.60599999999999 82.995 82.902 83.09699999999999 83.248 83.07899999999999 83.70099999999999 83.086 83.042 82.971 82.953 82.98399999999999 82.80200000000001 82.821 82.997 82.973 82.905 83.203 82.869 83.021 83.077 82.947 83.14 82.98 83.111 83.154 82.85599999999999 82.883 83.096 83.014 83.313 82.994 83.117 82.872 83.065 83.102 83.01600000000001 83.111 83.15900000000001 82.879 82.89400000000001 82.869 83.14 82.905 82.999 82.93000000000001 83.136 83.194 82.83199999999999 82.81999999999999 82.913 82.76900000000001 82.968 83.45699999999999 83.03400000000001 83.057 83.078 82.721 83.003 83.059 82.768 83.10899999999999 83.075 82.93600000000001 83.029 82.953 83.008 83.059 83.023 83.114 82.97 82.94799999999999 82.979 83.074 82.758 83.128 82.58 82.712 82.962 83.06100000000001 82.86199999999999 83.081 83.086 83.09099999999999 82.76000000000001 83.108 83.11199999999999 83.164 83.498 82.91 82.217 82.994 82.938 83.045 82.992 83.014 83.05200000000001 82.748 82.985 82.92400000000001 83.086 83.143 82.852 82.82299999999999 82.749 83.039 83.098 82.968 82.874 83.045 81.80500000000001 82.869 83.021 82.947 83.054 82.69499999999999 83.11 82.968 83.05200000000001


# name: dtlsapptimeaes103_5ms
# type: matrix
# rows: 1
# columns: 124
 82.32899999999999 83.08199999999999 82.607 186.311 186.23 186.554 186.249 186.474 186.572 186.674 186.99 186.676 186.253 186.553 186.686 186.744 186.899 186.447 185.809 186.189 186.475 186.22 186.511 186.472 187.044 186.579 186.281 186.914 186.501 186.366 186.384 186.711 187.174 186.6 186.774 186.584 185.906 186.439 186.503 186.546 186.657 187.081 186.482 186.42 186.389 186.369 187.067 186.763 186.495 186.997 186.93 186.325 186.726 186.909 186.347 186.523 186.223 186.295 186.631 186.591 186.6 186.153 186.173 186.443 506.342 186.579 186.337 186.621 186.734 186.492 186.833 186.424 186.438 186.616 186.625 186.409 186.672 186.652 186.139 186.414 186.645 186.585 186.511 186.462 377.051 186.436 186.463 186.864 186.579 186.794 186.5 186.495 186.536 377.325 186.29 186.468 186.641 186.687 186.556 186.443 186.614 186.888 186.334 186.654 187.036 186.437 186.759 187.055 187.185 186.496 186.789 186.548 186.524 186.311 186.606 186.645 186.347 186.551 186.738 182.587 186.363 186.557 186.196 186.69


