# Created by Octave 3.8.2, Tue Apr 12 09:37:43 2016 BST <yy12135@salties>
# name: Bfull
# type: matrix
# rows: 6
# columns: 1
 1.961633680555569
 -0.1105199999999998
 0.08902499999999947
 0.04556770833332263
 -0.0006799999999999272
 -0.0009649999999994828


# name: D
# type: matrix
# rows: 26
# columns: 6
 5 5 87.59350000000001 84.268 4.8828125 1.557312499999995
 5 10 90.122 87.458 4.8828125 2.218812499999999
 5 15 92.5805 90.648 4.8828125 2.950312499999995
 5 20 95.84450000000001 93.83800000000001 4.8828125 2.876312499999997
 5 25 98.392 97.02800000000001 4.8828125 3.51881250000001
 5 30 100.848 100.218 4.8828125 4.252812500000005
 5 35 104.1865 103.408 4.8828125 4.104312500000006
 5 40 106.7365 106.598 4.8828125 4.744312499999992
 5 45 109.226 109.788 4.8828125 5.444812500000012
 15 25 104.357 102.408 4.8828125 2.933812500000002
 25 5 100.4255 95.02800000000001 4.8828125 -0.5146874999999937
 25 15 105.433 101.408 4.8828125 0.8578125000000085
 25 25 111.3295 107.788 4.8828125 1.341312500000015
 25 35 117.1 114.168 4.8828125 1.950812500000012
 25 45 122.089 120.548 4.8828125 3.341812500000003
 35 25 118.045 113.168 4.8828125 0.005812500000004661
 45 25 124.008 118.548 4.8828125 -0.5771874999999795
 5 25 118.12 97.02800000000001 24.658203125 3.566203125000001
 15 25 124.262 102.408 24.658203125 2.804203125000001
 25 5 120.22 95.02800000000001 24.658203125 -0.5337968749999931
 25 15 125.2395 101.408 24.658203125 0.826703125000023
 25 25 131.08 107.788 24.658203125 1.366203124999998
 25 35 136.862 114.168 24.658203125 1.964203125000012
 25 45 141.8575 120.548 24.658203125 3.348703124999986
 35 25 137.759 113.168 24.658203125 0.06720312500002024
 45 25 143.7975 118.548 24.658203125 -0.5912968749999976


# name: D25
# type: matrix
# rows: 9
# columns: 6
 5 25 118.12 97.02800000000001 24.658203125 3.566203125000001
 15 25 124.262 102.408 24.658203125 2.804203125000001
 25 5 120.22 95.02800000000001 24.658203125 -0.5337968749999931
 25 15 125.2395 101.408 24.658203125 0.826703125000023
 25 25 131.08 107.788 24.658203125 1.366203124999998
 25 35 136.862 114.168 24.658203125 1.964203125000012
 25 45 141.8575 120.548 24.658203125 3.348703124999986
 35 25 137.759 113.168 24.658203125 0.06720312500002024
 45 25 143.7975 118.548 24.658203125 -0.5912968749999976


# name: D5
# type: matrix
# rows: 9
# columns: 6
 5 25 98.392 97.02800000000001 4.8828125 3.51881250000001
 15 25 104.357 102.408 4.8828125 2.933812500000002
 25 5 100.4255 95.02800000000001 4.8828125 -0.5146874999999937
 25 15 105.433 101.408 4.8828125 0.8578125000000085
 25 25 111.3295 107.788 4.8828125 1.341312500000015
 25 35 117.1 114.168 4.8828125 1.950812500000012
 25 45 122.089 120.548 4.8828125 3.341812500000003
 35 25 118.045 113.168 4.8828125 0.005812500000004661
 45 25 124.008 118.548 4.8828125 -0.5771874999999795


# name: Dfull
# type: matrix
# rows: 18
# columns: 7
 5 25 98.392 97.02800000000001 4.8828125 3.51881250000001 1
 15 25 104.357 102.408 4.8828125 2.933812500000002 1
 25 5 100.4255 95.02800000000001 4.8828125 -0.5146874999999937 1
 25 15 105.433 101.408 4.8828125 0.8578125000000085 1
 25 25 111.3295 107.788 4.8828125 1.341312500000015 1
 25 35 117.1 114.168 4.8828125 1.950812500000012 1
 25 45 122.089 120.548 4.8828125 3.341812500000003 1
 35 25 118.045 113.168 4.8828125 0.005812500000004661 1
 45 25 124.008 118.548 4.8828125 -0.5771874999999795 1
 5 25 118.12 97.02800000000001 24.658203125 3.566203125000001 0
 15 25 124.262 102.408 24.658203125 2.804203125000001 0
 25 5 120.22 95.02800000000001 24.658203125 -0.5337968749999931 0
 25 15 125.2395 101.408 24.658203125 0.826703125000023 0
 25 25 131.08 107.788 24.658203125 1.366203124999998 0
 25 35 136.862 114.168 24.658203125 1.964203125000012 0
 25 45 141.8575 120.548 24.658203125 3.348703124999986 0
 35 25 137.759 113.168 24.658203125 0.06720312500002024 0
 45 25 143.7975 118.548 24.658203125 -0.5912968749999976 0


# name: Dp
# type: matrix
# rows: 5
# columns: 6
 5 25 98.392 97.02800000000001 4.8828125 3.51881250000001
 15 25 104.357 102.408 4.8828125 2.933812500000002
 25 25 111.3295 107.788 4.8828125 1.341312500000015
 35 25 118.045 113.168 4.8828125 0.005812500000004661
 45 25 124.008 118.548 4.8828125 -0.5771874999999795


# name: Dp1
# type: matrix
# rows: 5
# columns: 6
 5 25 98.392 97.02800000000001 4.8828125 3.51881250000001
 15 25 104.357 102.408 4.8828125 2.933812500000002
 25 25 111.3295 107.788 4.8828125 1.341312500000015
 35 25 118.045 113.168 4.8828125 0.005812500000004661
 45 25 124.008 118.548 4.8828125 -0.5771874999999795


# name: Dp2
# type: matrix
# rows: 5
# columns: 6
 25 5 100.4255 95.02800000000001 4.8828125 -0.5146874999999937
 25 15 105.433 101.408 4.8828125 0.8578125000000085
 25 25 111.3295 107.788 4.8828125 1.341312500000015
 25 35 117.1 114.168 4.8828125 1.950812500000012
 25 45 122.089 120.548 4.8828125 3.341812500000003


# name: Dreq25
# type: matrix
# rows: 5
# columns: 6
 25 5 100.4255 95.02800000000001 4.8828125 -0.5146874999999937
 25 15 105.433 101.408 4.8828125 0.8578125000000085
 25 25 111.3295 107.788 4.8828125 1.341312500000015
 25 35 117.1 114.168 4.8828125 1.950812500000012
 25 45 122.089 120.548 4.8828125 3.341812500000003


# name: Dres25
# type: matrix
# rows: 5
# columns: 6
 5 25 98.392 97.02800000000001 4.8828125 3.51881250000001
 15 25 104.357 102.408 4.8828125 2.933812500000002
 25 25 111.3295 107.788 4.8828125 1.341312500000015
 35 25 118.045 113.168 4.8828125 0.005812500000004661
 45 25 124.008 118.548 4.8828125 -0.5771874999999795


# name: Dsub
# type: matrix
# rows: 18
# columns: 2
 5 25
 15 25
 25 5
 25 15
 25 25
 25 35
 25 45
 35 25
 45 25
 5 25
 15 25
 25 5
 25 15
 25 25
 25 35
 25 45
 35 25
 45 25


# name: E
# type: matrix
# rows: 17
# columns: 1
 1.557312499999995
 2.218812499999999
 2.950312499999995
 2.876312499999997
 3.51881250000001
 4.252812500000005
 4.104312500000006
 4.744312499999992
 5.444812500000012
 2.933812500000002
 -0.5146874999999937
 0.8578125000000085
 1.341312500000015
 1.950812500000012
 3.341812500000003
 0.005812500000004661
 -0.5771874999999795


# name: L
# type: matrix
# rows: 10
# columns: 2
 5 5
 5 10
 5 15
 5 20
 5 25
 5 30
 5 35
 5 40
 5 45
 25 25


# name: Lreq
# type: matrix
# rows: 9
# columns: 1
 5
 5
 5
 5
 5
 5
 5
 5
 5


# name: Lres
# type: matrix
# rows: 9
# columns: 1
 5
 10
 15
 20
 25
 30
 35
 40
 45


# name: Rfull
# type: matrix
# rows: 18
# columns: 1
 -0.1338888888888827
 0.3931111111111067
 -0.1821888888888916
 0.3097111111111108
 -0.08738888888888252
 -0.358488888888886
 0.1519111111111053
 -0.3108888888888959
 0.2181111111111177
 -0.06845555555555549
 0.2747444444444427
 -0.1775555555555639
 0.2926944444444575
 -0.05805555555556219
 -0.350305555555543
 0.1439444444444362
 -0.2518555555555422
 0.1948444444444384


# name: SSRESfull
# type: scalar
0.6119019249999965


# name: SSRESsub
# type: scalar
0.4455666972222119


# name: STATfull
# type: matrix
# rows: 1
# columns: 4
 0.9745685085015683 91.97118543157391 3.837961282115998e-09 0.08754962384259161


# name: TA
# type: matrix
# rows: 10
# columns: 1
 4.8828125
 4.8828125
 4.8828125
 4.8828125
 4.8828125
 4.8828125
 4.8828125
 4.8828125
 4.8828125
 4.8828125


# name: TP
# type: matrix
# rows: 10
# columns: 1
 84.268
 87.458
 90.648
 93.83800000000001
 97.02800000000001
 100.218
 103.408
 106.598
 109.788
 107.788


# name: TR
# type: matrix
# rows: 10
# columns: 1
 87.59350000000001
 90.122
 92.5805
 95.84450000000001
 98.392
 100.848
 104.1865
 106.7365
 109.226
 111.3295


# name: X
# type: matrix
# rows: 5
# columns: 1
 5
 15
 25
 35
 45


# name: X1
# type: matrix
# rows: 10
# columns: 1
 5
 15
 25
 25
 25
 25
 25
 25
 35
 45


# name: X2
# type: matrix
# rows: 10
# columns: 1
 25
 25
 5
 15
 25
 25
 35
 45
 25
 25


