# Created by Octave 3.8.2, Fri Apr 01 15:43:51 2016 BST <yy12135@salties>
# name: ans
# type: scalar
0.09767374674479165


# name: cc2538_rnd100
# type: matrix
# rows: 100
# columns: 1
 321
 319
 320
 321
 320
 319
 320
 320
 321
 320
 320
 319
 320
 320
 320
 320
 320
 320
 321
 320
 320
 320
 320
 320
 320
 320
 319
 320
 320
 320
 320
 320
 321
 320
 320
 320
 319
 321
 321
 319
 319
 320
 320
 321
 320
 319
 320
 321
 320
 319
 319
 320
 321
 320
 319
 320
 320
 321
 320
 320
 320
 321
 320
 321
 320
 320
 321
 320
 320
 320
 320
 321
 320
 320
 320
 320
 320
 320
 320
 319
 319
 320
 321
 321
 320
 320
 321
 320
 320
 320
 320
 321
 320
 320
 319
 320
 321
 320
 320
 320


# name: cc2538_rnd150
# type: matrix
# rows: 100
# columns: 1
 481
 480
 479
 481
 480
 480
 479
 480
 480
 481
 480
 480
 481
 480
 481
 480
 480
 481
 480
 480
 480
 480
 480
 479
 481
 480
 480
 480
 480
 480
 480
 479
 480
 480
 480
 480
 479
 480
 481
 481
 480
 480
 480
 480
 481
 480
 479
 480
 480
 480
 480
 479
 480
 480
 481
 480
 480
 481
 480
 480
 480
 479
 480
 480
 480
 480
 480
 481
 481
 480
 480
 479
 480
 480
 480
 480
 480
 480
 480
 480
 480
 480
 480
 480
 480
 480
 479
 480
 480
 481
 480
 480
 481
 480
 481
 479
 479
 480
 480
 480


# name: cc2538_rnd200
# type: matrix
# rows: 100
# columns: 1
 640
 640
 640
 641
 640
 640
 641
 640
 639
 640
 640
 640
 641
 640
 641
 640
 640
 640
 640
 640
 641
 640
 639
 640
 640
 640
 641
 640
 640
 640
 640
 640
 640
 640
 640
 640
 640
 640
 640
 640
 639
 639
 640
 640
 640
 640
 641
 640
 640
 640
 640
 640
 639
 640
 639
 639
 640
 640
 640
 640
 640
 640
 641
 640
 641
 641
 640
 640
 641
 640
 640
 640
 640
 641
 640
 640
 640
 641
 640
 640
 641
 640
 640
 641
 640
 640
 641
 640
 641
 641
 640
 640
 640
 641
 640
 641
 640
 640
 640
 640


# name: cc2538_rnd50
# type: matrix
# rows: 100
# columns: 1
 160
 160
 160
 160
 160
 160
 161
 159
 160
 160
 160
 160
 160
 160
 160
 160
 160
 161
 161
 160
 160
 160
 160
 160
 160
 161
 160
 159
 160
 160
 161
 159
 160
 160
 160
 160
 160
 161
 160
 160
 160
 160
 160
 160
 160
 160
 160
 160
 159
 160
 160
 160
 161
 160
 160
 160
 160
 161
 160
 161
 160
 160
 160
 160
 160
 160
 160
 160
 160
 160
 160
 160
 159
 160
 160
 160
 161
 160
 160
 161
 160
 160
 160
 160
 160
 159
 160
 160
 160
 159
 160
 161
 160
 161
 160
 160
 160
 160
 161
 160


# name: n
# type: matrix
# rows: 1
# columns: 4
 50 100 150 200


# name: t
# type: matrix
# rows: 1
# columns: 4
 160.07 320.06 480.05 640.13


# name: tvla_cc2538_fxd
# type: matrix
# rows: 1000
# columns: 1
 640
 640
 640
 640
 640
 640
 640
 639
 640
 640
 640
 640
 640
 640
 640
 641
 640
 640
 640
 641
 640
 640
 640
 640
 641
 640
 640
 640
 641
 641
 640
 640
 641
 640
 641
 641
 640
 641
 640
 641
 640
 640
 640
 640
 640
 641
 640
 640
 641
 640
 640
 640
 640
 641
 640
 641
 641
 641
 640
 640
 640
 641
 640
 641
 640
 640
 640
 640
 640
 641
 640
 640
 640
 640
 641
 640
 640
 639
 640
 640
 640
 640
 640
 640
 640
 640
 640
 640
 640
 640
 641
 640
 640
 641
 640
 640
 640
 639
 640
 640
 641
 640
 640
 641
 640
 640
 641
 640
 640
 640
 640
 641
 640
 641
 640
 641
 640
 640
 640
 641
 641
 640
 640
 641
 640
 641
 640
 640
 641
 640
 640
 640
 641
 640
 640
 640
 640
 641
 641
 640
 640
 641
 639
 640
 641
 641
 641
 641
 640
 641
 640
 641
 640
 640
 640
 641
 640
 640
 640
 641
 641
 640
 640
 641
 641
 640
 639
 641
 640
 640
 641
 641
 640
 640
 640
 641
 640
 640
 641
 640
 640
 641
 640
 641
 640
 640
 640
 640
 641
 641
 641
 640
 640
 640
 640
 640
 641
 640
 640
 641
 640
 640
 641
 640
 641
 640
 640
 641
 640
 640
 640
 641
 641
 640
 640
 641
 640
 640
 640
 640
 640
 640
 640
 639
 641
 640
 641
 641
 640
 641
 640
 640
 640
 641
 639
 641
 640
 640
 641
 640
 640
 640
 640
 641
 640
 640
 640
 641
 641
 640
 640
 641
 640
 640
 640
 640
 641
 640
 640
 640
 641
 640
 641
 641
 640
 640
 641
 640
 640
 640
 640
 640
 640
 640
 640
 641
 640
 640
 641
 640
 640
 640
 641
 640
 641
 640
 641
 640
 640
 641
 640
 641
 640
 640
 639
 640
 640
 641
 640
 640
 641
 640
 641
 639
 641
 639
 640
 640
 640
 641
 640
 640
 640
 640
 640
 640
 640
 641
 640
 640
 640
 640
 641
 641
 639
 640
 641
 640
 640
 641
 641
 640
 640
 640
 640
 640
 640
 640
 641
 640
 640
 640
 640
 640
 640
 641
 640
 640
 640
 640
 640
 640
 641
 640
 640
 640
 640
 641
 640
 640
 640
 640
 641
 641
 641
 640
 640
 640
 640
 640
 640
 640
 640
 641
 641
 640
 641
 641
 640
 640
 640
 641
 640
 640
 641
 640
 640
 640
 640
 640
 641
 641
 640
 640
 640
 640
 640
 640
 641
 641
 640
 640
 640
 640
 640
 640
 640
 640
 640
 640
 640
 641
 641
 640
 641
 640
 640
 640
 641
 640
 640
 641
 640
 641
 641
 640
 640
 641
 641
 640
 641
 640
 641
 640
 640
 640
 640
 641
 640
 640
 640
 640
 640
 640
 640
 640
 640
 640
 640
 641
 640
 640
 640
 640
 640
 640
 640
 640
 641
 639
 641
 641
 640
 640
 640
 640
 641
 641
 640
 640
 641
 639
 640
 641
 641
 641
 641
 640
 640
 640
 640
 640
 640
 640
 641
 640
 640
 641
 641
 640
 640
 640
 640
 641
 641
 641
 640
 641
 640
 641
 640
 640
 640
 641
 640
 640
 640
 641
 640
 640
 640
 641
 641
 640
 640
 641
 641
 640
 641
 640
 640
 640
 640
 640
 640
 640
 640
 640
 641
 640
 640
 640
 641
 640
 640
 641
 640
 640
 640
 640
 640
 640
 641
 640
 641
 640
 640
 641
 641
 641
 640
 640
 640
 641
 641
 641
 641
 641
 641
 641
 640
 640
 640
 641
 641
 640
 640
 640
 641
 641
 640
 640
 640
 640
 640
 641
 640
 641
 640
 640
 640
 640
 641
 640
 641
 640
 640
 641
 640
 640
 640
 640
 640
 640
 640
 641
 640
 641
 640
 640
 640
 640
 640
 640
 641
 641
 640
 640
 640
 640
 640
 641
 640
 640
 640
 640
 640
 640
 640
 640
 641
 639
 640
 641
 640
 640
 640
 640
 640
 640
 640
 640
 640
 640
 640
 640
 640
 641
 640
 641
 641
 640
 640
 640
 640
 640
 640
 640
 640
 641
 640
 641
 641
 640
 641
 641
 640
 641
 640
 641
 640
 640
 640
 641
 641
 640
 641
 640
 640
 640
 640
 640
 640
 641
 640
 640
 641
 640
 641
 641
 640
 640
 640
 640
 641
 641
 640
 640
 641
 640
 640
 641
 640
 640
 641
 640
 640
 641
 640
 640
 641
 641
 640
 640
 640
 640
 640
 641
 640
 640
 641
 640
 640
 640
 641
 641
 640
 640
 640
 640
 641
 640
 640
 641
 640
 640
 640
 640
 641
 641
 641
 640
 640
 641
 641
 640
 640
 640
 640
 641
 641
 640
 640
 640
 640
 640
 641
 640
 640
 640
 641
 641
 640
 640
 641
 640
 640
 640
 641
 641
 641
 641
 640
 640
 640
 640
 640
 640
 641
 640
 640
 640
 641
 640
 641
 641
 641
 640
 640
 640
 641
 640
 640
 640
 641
 640
 640
 640
 640
 641
 641
 640
 641
 640
 641
 640
 640
 640
 640
 640
 640
 640
 640
 640
 640
 641
 641
 640
 640
 640
 639
 640
 640
 640
 641
 640
 640
 641
 641
 640
 640
 640
 640
 640
 640
 641
 641
 640
 640
 640
 641
 640
 640
 640
 640
 641
 640
 640
 640
 641
 641
 641
 640
 641
 641
 640
 641
 640
 640
 641
 641
 641
 640
 641
 641
 641
 640
 640
 640
 640
 640
 640
 640
 640
 640
 639
 640
 640
 640
 640
 640
 641
 640
 640
 640
 640
 640
 641
 641
 640
 640
 640
 640
 640
 640
 641
 641
 641
 640
 640
 640
 640
 640
 640
 640
 640
 640
 641
 640
 641
 640
 640
 640
 640
 641
 640
 640
 640
 640
 640
 640
 640
 640
 641
 640
 640
 641
 640
 640
 640
 640
 639
 641
 640
 640
 640
 640
 641
 640
 640
 640
 641
 640
 640
 640
 641
 641
 640
 640
 641
 640
 640
 641
 640
 640
 640
 640
 641
 640
 640
 641
 641
 640
 640
 641
 641
 640
 640
 640
 640
 641
 640
 640
 640
 641
 640
 639
 640
 641
 640
 641
 641
 640
 641
 640
 640
 640
 641
 640
 640
 640
 640
 640
 641
 640
 640
 640
 640
 640
 640
 640
 640
 640
 640
 640
 640
 640
 640
 640
 640


